8.430000000000000000e+02
3.855000000000000000e+03
9.855000000000000000e+03
6.039000000000000000e+03
6.310000000000000000e+02
7.506000000000000000e+03
9.425000000000000000e+03
1.758000000000000000e+03
6.813000000000000000e+03
4.573000000000000000e+03
8.442000000000000000e+03
7.719000000000000000e+03
3.989000000000000000e+03
9.634000000000000000e+03
1.295000000000000000e+03
7.477000000000000000e+03
1.758000000000000000e+03
6.178000000000000000e+03
9.904000000000000000e+03
5.036000000000000000e+03
1.038000000000000000e+03
4.784000000000000000e+03
8.210000000000000000e+02
4.011000000000000000e+03
9.777000000000000000e+03
3.612000000000000000e+03
5.567000000000000000e+03
2.975000000000000000e+03
8.222000000000000000e+03
1.480000000000000000e+03
2.068000000000000000e+03
7.520000000000000000e+03
4.145000000000000000e+03
5.772000000000000000e+03
9.396000000000000000e+03
7.300000000000000000e+03
6.996000000000000000e+03
6.435000000000000000e+03
2.533000000000000000e+03
6.718000000000000000e+03
6.580000000000000000e+02
5.529000000000000000e+03
8.349000000000000000e+03
2.067000000000000000e+03
4.396000000000000000e+03
4.314000000000000000e+03
3.148000000000000000e+03
4.500000000000000000e+02
3.418000000000000000e+03
1.441000000000000000e+03
1.640000000000000000e+02
5.598000000000000000e+03
8.948000000000000000e+03
1.258000000000000000e+03
2.225000000000000000e+03
6.015000000000000000e+03
1.721000000000000000e+03
2.074000000000000000e+03
8.150000000000000000e+03
3.217000000000000000e+03
9.280000000000000000e+03
2.437000000000000000e+03
8.600000000000000000e+01
1.455000000000000000e+03
1.915000000000000000e+03
5.060000000000000000e+02
7.163000000000000000e+03
9.339000000000000000e+03
4.459000000000000000e+03
2.469000000000000000e+03
5.672000000000000000e+03
6.507000000000000000e+03
2.729000000000000000e+03
2.185000000000000000e+03
6.977000000000000000e+03
2.448000000000000000e+03
9.034000000000000000e+03
6.606000000000000000e+03
8.301000000000000000e+03
5.658000000000000000e+03
1.175000000000000000e+03
8.057000000000000000e+03
8.793000000000000000e+03
4.373000000000000000e+03
5.080000000000000000e+02
7.965000000000000000e+03
3.468000000000000000e+03
5.078000000000000000e+03
6.759000000000000000e+03
2.276000000000000000e+03
1.343000000000000000e+03
2.462000000000000000e+03
9.796000000000000000e+03
4.080000000000000000e+03
9.137000000000000000e+03
4.590000000000000000e+03
1.296000000000000000e+03
1.671000000000000000e+03
1.143000000000000000e+03
7.667000000000000000e+03
4.802000000000000000e+03
6.287000000000000000e+03
3.291000000000000000e+03
6.065000000000000000e+03
9.784000000000000000e+03
9.529000000000000000e+03
3.083000000000000000e+03
8.726000000000000000e+03
5.947000000000000000e+03
7.943000000000000000e+03
3.538000000000000000e+03
4.789000000000000000e+03
9.528000000000000000e+03
2.317000000000000000e+03
7.925000000000000000e+03
4.981000000000000000e+03
3.760000000000000000e+03
2.238000000000000000e+03
9.860000000000000000e+03
6.908000000000000000e+03
5.869000000000000000e+03
4.237000000000000000e+03
1.970000000000000000e+02
6.275000000000000000e+03
9.758000000000000000e+03
4.566000000000000000e+03
7.621000000000000000e+03
2.035000000000000000e+03
8.786000000000000000e+03
4.110000000000000000e+02
8.170000000000000000e+02
2.540000000000000000e+03
8.484000000000000000e+03
4.769000000000000000e+03
2.752000000000000000e+03
3.714000000000000000e+03
6.819000000000000000e+03
3.770000000000000000e+03
5.963000000000000000e+03
3.850000000000000000e+03
8.537000000000000000e+03
9.375000000000000000e+03
2.706000000000000000e+03
9.430000000000000000e+03
3.665000000000000000e+03
5.630000000000000000e+03
5.326000000000000000e+03
5.086000000000000000e+03
7.931000000000000000e+03
2.431000000000000000e+03
2.198000000000000000e+03
9.654000000000000000e+03
8.238000000000000000e+03
3.574000000000000000e+03
4.744000000000000000e+03
7.543000000000000000e+03
9.280000000000000000e+03
1.785000000000000000e+03
6.044000000000000000e+03
3.983000000000000000e+03
6.347000000000000000e+03
2.130000000000000000e+02
9.850000000000000000e+02
1.061000000000000000e+03
4.674000000000000000e+03
6.730000000000000000e+02
7.770000000000000000e+02
6.000000000000000000e+01
3.335000000000000000e+03
3.243000000000000000e+03
7.820000000000000000e+03
2.102000000000000000e+03
9.140000000000000000e+03
7.819000000000000000e+03
7.405000000000000000e+03
8.375000000000000000e+03
8.235000000000000000e+03
5.964000000000000000e+03
9.370000000000000000e+02
1.629000000000000000e+03
5.312000000000000000e+03
6.953000000000000000e+03
4.879000000000000000e+03
7.560000000000000000e+03
4.600000000000000000e+01
3.774000000000000000e+03
1.534000000000000000e+03
5.784000000000000000e+03
4.971000000000000000e+03
9.950000000000000000e+03
1.311000000000000000e+03
8.370000000000000000e+02
3.280000000000000000e+02
5.316000000000000000e+03
6.544000000000000000e+03
7.551000000000000000e+03
9.552000000000000000e+03
5.100000000000000000e+03
1.953000000000000000e+03
4.601000000000000000e+03
3.080000000000000000e+03
7.537000000000000000e+03
2.275000000000000000e+03
5.455000000000000000e+03
5.766000000000000000e+03
6.538000000000000000e+03
1.159000000000000000e+03
1.319000000000000000e+03
7.625000000000000000e+03
6.031000000000000000e+03
9.348000000000000000e+03
4.698000000000000000e+03
8.746000000000000000e+03
6.888000000000000000e+03
4.990000000000000000e+02
5.386000000000000000e+03
3.663000000000000000e+03
8.555000000000000000e+03
9.804000000000000000e+03
5.658000000000000000e+03
9.462000000000000000e+03
4.037000000000000000e+03
8.872000000000000000e+03
2.713000000000000000e+03
6.958000000000000000e+03
8.568000000000000000e+03
5.464000000000000000e+03
7.314000000000000000e+03
7.664000000000000000e+03
6.040000000000000000e+02
5.391000000000000000e+03
2.278000000000000000e+03
4.161000000000000000e+03
1.118000000000000000e+03
8.020000000000000000e+03
6.518000000000000000e+03
2.187000000000000000e+03
1.782000000000000000e+03
6.865000000000000000e+03
6.335000000000000000e+03
3.644000000000000000e+03
6.230000000000000000e+03
7.762000000000000000e+03
6.543000000000000000e+03
3.188000000000000000e+03
5.344000000000000000e+03
8.487000000000000000e+03
4.425000000000000000e+03
4.037000000000000000e+03
1.589000000000000000e+03
1.035000000000000000e+03
8.429000000000000000e+03
9.560000000000000000e+02
4.154000000000000000e+03
3.920000000000000000e+02
4.125000000000000000e+03
5.509000000000000000e+03
1.468000000000000000e+03
2.550000000000000000e+02
6.608000000000000000e+03
1.711000000000000000e+03
4.459000000000000000e+03
9.490000000000000000e+02
6.301000000000000000e+03
2.312000000000000000e+03
8.064000000000000000e+03
3.248000000000000000e+03
7.568000000000000000e+03
2.435000000000000000e+03
5.990000000000000000e+02
4.430000000000000000e+02
5.088000000000000000e+03
7.568000000000000000e+03
7.769000000000000000e+03
1.381000000000000000e+03
5.630000000000000000e+02
8.403000000000000000e+03
9.180000000000000000e+02
3.841000000000000000e+03
5.024000000000000000e+03
3.677000000000000000e+03
2.335000000000000000e+03
1.399000000000000000e+03
9.654000000000000000e+03
3.423000000000000000e+03
5.268000000000000000e+03
3.471000000000000000e+03
7.439000000000000000e+03
1.971000000000000000e+03
6.682000000000000000e+03
3.176000000000000000e+03
8.795000000000000000e+03
1.167000000000000000e+03
4.130000000000000000e+02
1.400000000000000000e+02
4.711000000000000000e+03
9.704000000000000000e+03
5.175000000000000000e+03
3.872000000000000000e+03
3.579000000000000000e+03
7.707000000000000000e+03
4.600000000000000000e+03
9.406000000000000000e+03
8.785000000000000000e+03
2.238000000000000000e+03
6.040000000000000000e+03
5.215000000000000000e+03
4.352000000000000000e+03
2.805000000000000000e+03
7.240000000000000000e+02
1.336000000000000000e+03
9.903000000000000000e+03
4.781000000000000000e+03
2.661000000000000000e+03
6.560000000000000000e+03
8.114000000000000000e+03
2.570000000000000000e+02
8.449000000000000000e+03
7.175000000000000000e+03
1.754000000000000000e+03
3.436000000000000000e+03
8.043000000000000000e+03
2.439000000000000000e+03
6.377000000000000000e+03
6.092000000000000000e+03
8.800000000000000000e+03
9.600000000000000000e+03
9.580000000000000000e+03
9.290000000000000000e+02
5.396000000000000000e+03
1.610000000000000000e+02
6.850000000000000000e+02
8.240000000000000000e+03
5.301000000000000000e+03
6.027000000000000000e+03
3.349000000000000000e+03
9.825000000000000000e+03
9.541000000000000000e+03
7.151000000000000000e+03
4.500000000000000000e+03
8.639000000000000000e+03
7.792000000000000000e+03
2.184000000000000000e+03
7.955000000000000000e+03
2.721000000000000000e+03
3.253000000000000000e+03
9.996000000000000000e+03
4.859000000000000000e+03
9.971000000000000000e+03
7.754000000000000000e+03
6.504000000000000000e+03
1.017000000000000000e+03
9.190000000000000000e+02
6.609000000000000000e+03
8.186000000000000000e+03
3.758000000000000000e+03
3.970000000000000000e+03
4.568000000000000000e+03
9.110000000000000000e+02
6.436000000000000000e+03
5.940000000000000000e+03
1.160000000000000000e+03
6.726000000000000000e+03
4.878000000000000000e+03
7.184000000000000000e+03
5.525000000000000000e+03
7.532000000000000000e+03
5.969000000000000000e+03
2.719000000000000000e+03
1.496000000000000000e+03
9.348000000000000000e+03
6.877000000000000000e+03
2.644000000000000000e+03
6.186000000000000000e+03
3.593000000000000000e+03
4.070000000000000000e+02
8.854000000000000000e+03
1.940000000000000000e+03
5.790000000000000000e+03
7.136000000000000000e+03
4.860000000000000000e+03
2.664000000000000000e+03
2.064000000000000000e+03
3.084000000000000000e+03
9.434000000000000000e+03
2.405000000000000000e+03
6.873000000000000000e+03
1.257000000000000000e+03
6.254000000000000000e+03
7.130000000000000000e+03
1.100000000000000000e+01
8.632000000000000000e+03
8.330000000000000000e+02
9.942000000000000000e+03
1.355000000000000000e+03
9.060000000000000000e+03
8.586000000000000000e+03
5.736000000000000000e+03
5.270000000000000000e+02
1.285000000000000000e+03
1.151000000000000000e+03
8.999000000000000000e+03
5.931000000000000000e+03
2.061000000000000000e+03
2.024000000000000000e+03
7.370000000000000000e+03
4.010000000000000000e+03
5.470000000000000000e+02
6.149000000000000000e+03
4.484000000000000000e+03
5.002000000000000000e+03
5.758000000000000000e+03
5.328000000000000000e+03
5.030000000000000000e+03
6.250000000000000000e+02
6.986000000000000000e+03
8.555000000000000000e+03
5.285000000000000000e+03
1.522000000000000000e+03
7.083000000000000000e+03
3.365000000000000000e+03
1.356000000000000000e+03
7.772000000000000000e+03
7.378000000000000000e+03
8.571000000000000000e+03
3.473000000000000000e+03
4.289000000000000000e+03
4.338000000000000000e+03
2.725000000000000000e+03
7.587000000000000000e+03
7.335000000000000000e+03
5.639000000000000000e+03
2.694000000000000000e+03
6.492000000000000000e+03
6.320000000000000000e+02
9.045000000000000000e+03
7.870000000000000000e+02
4.558000000000000000e+03
5.039000000000000000e+03
2.320000000000000000e+03
2.898000000000000000e+03
5.336000000000000000e+03
8.591000000000000000e+03
3.696000000000000000e+03
2.440000000000000000e+03
9.758000000000000000e+03
3.013000000000000000e+03
9.556000000000000000e+03
1.333000000000000000e+03
4.397000000000000000e+03
9.484000000000000000e+03
3.226000000000000000e+03
1.708000000000000000e+03
1.425000000000000000e+03
9.293000000000000000e+03
7.952000000000000000e+03
1.600000000000000000e+01
6.328000000000000000e+03
5.942000000000000000e+03
8.312000000000000000e+03
7.003000000000000000e+03
2.430000000000000000e+03
7.045000000000000000e+03
4.076000000000000000e+03
9.255000000000000000e+03
8.117000000000000000e+03
3.272000000000000000e+03
2.227000000000000000e+03
6.543000000000000000e+03
7.477000000000000000e+03
9.402000000000000000e+03
4.009000000000000000e+03
6.484000000000000000e+03
9.840000000000000000e+02
2.523000000000000000e+03
9.866000000000000000e+03
4.271000000000000000e+03
2.068000000000000000e+03
1.641000000000000000e+03
6.245000000000000000e+03
1.217000000000000000e+03
7.280000000000000000e+03
2.268000000000000000e+03
1.188000000000000000e+03
3.991000000000000000e+03
6.725000000000000000e+03
2.962000000000000000e+03
3.708000000000000000e+03
3.148000000000000000e+03
8.800000000000000000e+02
6.810000000000000000e+02
6.730000000000000000e+02
6.153000000000000000e+03
8.067000000000000000e+03
7.759000000000000000e+03
9.330000000000000000e+03
9.062000000000000000e+03
3.150000000000000000e+02
9.726000000000000000e+03
3.581000000000000000e+03
7.318000000000000000e+03
5.323000000000000000e+03
5.679000000000000000e+03
1.120000000000000000e+03
3.250000000000000000e+03
3.077000000000000000e+03
9.935000000000000000e+03
6.020000000000000000e+03
9.645000000000000000e+03
2.681000000000000000e+03
7.503000000000000000e+03
2.090000000000000000e+03
1.075000000000000000e+03
7.800000000000000000e+03
9.741000000000000000e+03
8.968000000000000000e+03
3.284000000000000000e+03
7.134000000000000000e+03
4.530000000000000000e+03
5.781000000000000000e+03
6.309000000000000000e+03
1.271000000000000000e+03
7.635000000000000000e+03
1.713000000000000000e+03
7.600000000000000000e+01
5.448000000000000000e+03
1.017000000000000000e+03
4.294000000000000000e+03
3.536000000000000000e+03
9.976000000000000000e+03
7.300000000000000000e+03
9.030000000000000000e+03
3.357000000000000000e+03
7.131000000000000000e+03
4.811000000000000000e+03
5.189000000000000000e+03
2.914000000000000000e+03
2.520000000000000000e+02
3.271000000000000000e+03
5.831000000000000000e+03
8.776000000000000000e+03
7.301000000000000000e+03
6.054000000000000000e+03
8.010000000000000000e+02
8.995000000000000000e+03
3.530000000000000000e+03
3.254000000000000000e+03
8.486000000000000000e+03
3.966000000000000000e+03
1.350000000000000000e+03
7.412000000000000000e+03
1.999000000000000000e+03
4.947000000000000000e+03
5.312000000000000000e+03
3.226000000000000000e+03
3.856000000000000000e+03
6.175000000000000000e+03
6.940000000000000000e+02
3.319000000000000000e+03
4.686000000000000000e+03
5.365000000000000000e+03
6.800000000000000000e+01
1.165000000000000000e+03
7.239000000000000000e+03
4.842000000000000000e+03
9.319000000000000000e+03
5.284000000000000000e+03
2.457000000000000000e+03
2.929000000000000000e+03
4.950000000000000000e+03
7.591000000000000000e+03
8.439000000000000000e+03
4.902000000000000000e+03
4.158000000000000000e+03
8.394000000000000000e+03
6.614000000000000000e+03
1.296000000000000000e+03
7.286000000000000000e+03
6.780000000000000000e+03
4.055000000000000000e+03
9.579000000000000000e+03
2.588000000000000000e+03
1.130000000000000000e+03
1.460000000000000000e+03
3.629000000000000000e+03
7.169000000000000000e+03
8.239000000000000000e+03
6.170000000000000000e+02
9.661000000000000000e+03
9.861000000000000000e+03
7.905000000000000000e+03
2.086000000000000000e+03
8.734000000000000000e+03
5.502000000000000000e+03
5.772000000000000000e+03
3.397000000000000000e+03
5.693000000000000000e+03
9.170000000000000000e+03
6.379000000000000000e+03
7.597000000000000000e+03
1.720000000000000000e+03
2.371000000000000000e+03
3.194000000000000000e+03
6.301000000000000000e+03
1.489000000000000000e+03
2.187000000000000000e+03
9.505000000000000000e+03
3.840000000000000000e+03
6.803000000000000000e+03
7.622000000000000000e+03
4.156000000000000000e+03
3.292000000000000000e+03
3.972000000000000000e+03
8.255000000000000000e+03
4.799000000000000000e+03
4.025000000000000000e+03
5.393000000000000000e+03
6.987000000000000000e+03
8.765000000000000000e+03
8.365000000000000000e+03
5.144000000000000000e+03
1.812000000000000000e+03
9.380000000000000000e+02
3.740000000000000000e+03
6.495000000000000000e+03
2.176000000000000000e+03
2.020000000000000000e+03
6.376000000000000000e+03
2.385000000000000000e+03
3.168000000000000000e+03
6.711000000000000000e+03
6.606000000000000000e+03
6.953000000000000000e+03
7.731000000000000000e+03
5.411000000000000000e+03
3.039000000000000000e+03
2.331000000000000000e+03
1.849000000000000000e+03
5.440000000000000000e+03
5.093000000000000000e+03
7.595000000000000000e+03
4.474000000000000000e+03
5.013000000000000000e+03
6.580000000000000000e+03
1.744000000000000000e+03
4.923000000000000000e+03
8.482000000000000000e+03
5.300000000000000000e+01
1.478000000000000000e+03
3.974000000000000000e+03
7.938000000000000000e+03
1.351000000000000000e+03
8.480000000000000000e+03
1.468000000000000000e+03
8.129000000000000000e+03
3.245000000000000000e+03
6.846000000000000000e+03
4.570000000000000000e+02
8.240000000000000000e+03
1.166000000000000000e+03
9.892000000000000000e+03
1.281000000000000000e+03
1.916000000000000000e+03
8.826000000000000000e+03
1.613000000000000000e+03
8.272000000000000000e+03
2.963000000000000000e+03
7.886000000000000000e+03
2.383000000000000000e+03
3.207000000000000000e+03
6.962000000000000000e+03
9.322000000000000000e+03
8.729000000000000000e+03
5.369000000000000000e+03
5.794000000000000000e+03
9.135000000000000000e+03
8.250000000000000000e+03
5.738000000000000000e+03
9.550000000000000000e+02
7.385000000000000000e+03
6.487000000000000000e+03
9.885000000000000000e+03
2.531000000000000000e+03
5.120000000000000000e+02
1.475000000000000000e+03
4.140000000000000000e+02
7.382000000000000000e+03
7.732000000000000000e+03
6.778000000000000000e+03
8.289000000000000000e+03
4.736000000000000000e+03
1.880000000000000000e+03
1.293000000000000000e+03
9.300000000000000000e+01
6.160000000000000000e+02
4.902000000000000000e+03
5.678000000000000000e+03
7.675000000000000000e+03
5.809000000000000000e+03
1.648000000000000000e+03
3.096000000000000000e+03
3.350000000000000000e+03
4.968000000000000000e+03
2.984000000000000000e+03
4.868000000000000000e+03
9.843000000000000000e+03
8.945000000000000000e+03
9.308000000000000000e+03
3.189000000000000000e+03
8.218000000000000000e+03
4.426000000000000000e+03
8.700000000000000000e+03
9.612000000000000000e+03
6.885000000000000000e+03
6.188000000000000000e+03
7.978000000000000000e+03
3.318000000000000000e+03
5.591000000000000000e+03
6.260000000000000000e+02
6.963000000000000000e+03
8.141000000000000000e+03
7.162000000000000000e+03
2.011000000000000000e+03
7.730000000000000000e+02
1.154000000000000000e+03
6.517000000000000000e+03
1.686000000000000000e+03
5.548000000000000000e+03
6.191000000000000000e+03
3.246000000000000000e+03
8.034000000000000000e+03
1.484000000000000000e+03
2.490000000000000000e+03
2.856000000000000000e+03
4.847000000000000000e+03
7.393000000000000000e+03
1.644000000000000000e+03
1.690000000000000000e+03
9.153000000000000000e+03
2.989000000000000000e+03
2.861000000000000000e+03
9.671000000000000000e+03
3.283000000000000000e+03
2.463000000000000000e+03
5.466000000000000000e+03
5.548000000000000000e+03
3.192000000000000000e+03
9.087000000000000000e+03
6.253000000000000000e+03
4.941000000000000000e+03
4.711000000000000000e+03
5.055000000000000000e+03
8.862000000000000000e+03
9.637000000000000000e+03
5.769000000000000000e+03
2.484000000000000000e+03
2.993000000000000000e+03
3.205000000000000000e+03
9.118000000000000000e+03
7.981000000000000000e+03
1.963000000000000000e+03
8.589000000000000000e+03
9.253000000000000000e+03
3.086000000000000000e+03
5.501000000000000000e+03
8.288000000000000000e+03
4.811000000000000000e+03
6.930000000000000000e+03
1.322000000000000000e+03
2.320000000000000000e+02
5.714000000000000000e+03
3.774000000000000000e+03
4.490000000000000000e+02
4.145000000000000000e+03
8.303000000000000000e+03
6.443000000000000000e+03
1.733000000000000000e+03
2.808000000000000000e+03
7.085000000000000000e+03
2.325000000000000000e+03
9.957000000000000000e+03
2.881000000000000000e+03
6.470000000000000000e+03
3.148000000000000000e+03
4.185000000000000000e+03
5.522000000000000000e+03
5.725000000000000000e+03
7.673000000000000000e+03
8.131000000000000000e+03
5.264000000000000000e+03
8.669000000000000000e+03
7.091000000000000000e+03
5.896000000000000000e+03
1.669000000000000000e+03
1.584000000000000000e+03
8.403000000000000000e+03
1.700000000000000000e+01
3.834000000000000000e+03
5.333000000000000000e+03
6.438000000000000000e+03
2.124000000000000000e+03
6.137000000000000000e+03
2.970000000000000000e+03
5.569000000000000000e+03
7.972000000000000000e+03
3.981000000000000000e+03
7.093000000000000000e+03
5.572000000000000000e+03
9.735000000000000000e+03
9.660000000000000000e+02
4.840000000000000000e+03
5.800000000000000000e+02
1.090000000000000000e+03
2.657000000000000000e+03
6.571000000000000000e+03
8.764000000000000000e+03
5.293000000000000000e+03
6.415000000000000000e+03
7.806000000000000000e+03
2.200000000000000000e+01
3.497000000000000000e+03
9.207000000000000000e+03
8.299000000000000000e+03
7.041000000000000000e+03
7.547000000000000000e+03
7.356000000000000000e+03
5.160000000000000000e+02
5.947000000000000000e+03
6.908000000000000000e+03
7.034000000000000000e+03
2.394000000000000000e+03
8.985000000000000000e+03
2.320000000000000000e+03
1.222000000000000000e+03
4.217000000000000000e+03
7.346000000000000000e+03
8.412000000000000000e+03
8.400000000000000000e+02
3.102000000000000000e+03
3.253000000000000000e+03
8.184000000000000000e+03
7.298000000000000000e+03
6.700000000000000000e+01
5.466000000000000000e+03
5.512000000000000000e+03
6.356000000000000000e+03
1.823000000000000000e+03
1.238000000000000000e+03
8.308000000000000000e+03
3.641000000000000000e+03
7.490000000000000000e+02
9.270000000000000000e+03
8.757000000000000000e+03
6.748000000000000000e+03
7.706000000000000000e+03
6.418000000000000000e+03
8.328000000000000000e+03
7.404000000000000000e+03
8.428000000000000000e+03
1.541000000000000000e+03
4.762000000000000000e+03
9.374000000000000000e+03
9.266000000000000000e+03
6.380000000000000000e+03
7.316000000000000000e+03
4.411000000000000000e+03
8.913000000000000000e+03
9.988000000000000000e+03
3.400000000000000000e+01
7.844000000000000000e+03
1.700000000000000000e+01
9.228000000000000000e+03
2.139000000000000000e+03
5.540000000000000000e+03
4.680000000000000000e+03
5.164000000000000000e+03
6.097000000000000000e+03
8.147000000000000000e+03
1.073000000000000000e+03
4.049000000000000000e+03
9.711000000000000000e+03
4.817000000000000000e+03
1.072000000000000000e+03
8.448000000000000000e+03
8.509000000000000000e+03
7.268000000000000000e+03
9.682000000000000000e+03
4.681000000000000000e+03
4.613000000000000000e+03
5.810000000000000000e+03
9.946000000000000000e+03
8.599000000000000000e+03
9.391000000000000000e+03
9.466000000000000000e+03
7.093000000000000000e+03
1.440000000000000000e+02
3.687000000000000000e+03
7.368000000000000000e+03
3.891000000000000000e+03
5.076000000000000000e+03
6.490000000000000000e+02
2.462000000000000000e+03
7.407000000000000000e+03
9.858000000000000000e+03
9.280000000000000000e+03
6.402000000000000000e+03
9.614000000000000000e+03
9.303000000000000000e+03
7.037000000000000000e+03
9.448000000000000000e+03
4.033000000000000000e+03
5.076000000000000000e+03
5.147000000000000000e+03
3.486000000000000000e+03
1.321000000000000000e+03
2.050000000000000000e+02
7.432000000000000000e+03
8.154000000000000000e+03
3.951000000000000000e+03
2.270000000000000000e+03
8.371000000000000000e+03
6.000000000000000000e+03
5.443000000000000000e+03
7.520000000000000000e+02
4.988000000000000000e+03
2.896000000000000000e+03
5.773000000000000000e+03
8.806000000000000000e+03
1.271000000000000000e+03
2.294000000000000000e+03
4.665000000000000000e+03
2.197000000000000000e+03
3.708000000000000000e+03
9.767000000000000000e+03
5.015000000000000000e+03
7.317000000000000000e+03
1.035000000000000000e+03
8.880000000000000000e+03
2.885000000000000000e+03
8.428000000000000000e+03
7.609000000000000000e+03
2.637000000000000000e+03
6.366000000000000000e+03
2.295000000000000000e+03
7.945000000000000000e+03
5.992000000000000000e+03
5.228000000000000000e+03
6.020000000000000000e+02
9.787000000000000000e+03
5.260000000000000000e+02
6.639000000000000000e+03
7.080000000000000000e+02
9.924000000000000000e+03
6.884000000000000000e+03
1.514000000000000000e+03
4.279000000000000000e+03
3.769000000000000000e+03
1.897000000000000000e+03
7.437000000000000000e+03
2.962000000000000000e+03
7.650000000000000000e+03
8.805000000000000000e+03
3.130000000000000000e+02
7.601000000000000000e+03
6.894000000000000000e+03
7.978000000000000000e+03
4.374000000000000000e+03
3.927000000000000000e+03
6.080000000000000000e+03
3.858000000000000000e+03
6.950000000000000000e+02
3.666000000000000000e+03
7.937000000000000000e+03
8.712000000000000000e+03
9.211000000000000000e+03
9.521000000000000000e+03
2.671000000000000000e+03
2.200000000000000000e+03
8.380000000000000000e+02
5.073000000000000000e+03
8.992000000000000000e+03
4.611000000000000000e+03
5.125000000000000000e+03
3.500000000000000000e+03
7.077000000000000000e+03
4.847000000000000000e+03
1.647000000000000000e+03
4.090000000000000000e+03
7.632000000000000000e+03
3.545000000000000000e+03
5.688000000000000000e+03
6.041000000000000000e+03
9.929000000000000000e+03
2.203000000000000000e+03
1.616000000000000000e+03
2.444000000000000000e+03
8.357000000000000000e+03
6.030000000000000000e+02
2.058000000000000000e+03
5.604000000000000000e+03
